John,john@123
Jane,jane@123
Bob,bob@123